765.9574468
765.9574468
765.9574468
889.3617021
1037.234043
1053.191489
1221.702128
1276.595745
1352.12766
1365.319149
1508.762175
1600.733525
1694.808933
1790.988398
1889.271922
1989.659504
2092.151144
2196.746842
2303.446598
2412.250411
2523.158283
2636.170213
2751.2862
2868.506246
2987.83035
3109.258512
3232.790731
3358.427009
3486.167345
3616.011738
3747.96019
3882.0127
4018.169267
4156.429893
4296.794576
4439.263318
4583.836117
4730.512975
4879.293891
5030.178864
5183.167896
5338.260985
5495.458133
5654.759338
5816.164602
5979.673923
6145.287302
6313.00474
6482.826235
6654.751789
6828.7814
7004.915069
7183.152797
7363.494582
7545.940426
7730.490327
7917.144286
8105.902303
8296.764379
8489.730512
8684.800703
8881.974953
9081.25326
9282.635625
9486.122048
9691.71253
9899.407069
10109.20567
10321.10832
10535.11503
10751.22581
10969.44063
11189.75952
11412.18247
11636.70947
11863.34053
12092.07565
12322.91483
12555.85806
12790.90536
